38
5
9
49	64	82	52	64	84	48	63	83	41	76	50	65	80	70	95	52	82	70	110	50	65	95	75	90	105	40	70	80	95	100	85	100	65	75	45	70	65
49	63	83	43	58	78	65	80	100	40	75	55	70	85	55	80	48	78	45	80	40	65	95	35	50	65	35	65	100	100	100	55	70	65	100	55	80	100
65	80	100	60	80	109	50	65	85	50	81	75	85	110	45	60	65	92	70	100	40	50	70	70	85	100	50	80	30	45	55	65	80	40	100	45	70	45
65	80	100	50	65	85	64	80	105	65	100	65	75	90	55	80	50	80	50	80	40	50	90	30	45	70	100	100	30	45	65	65	80	40	80	70	90	25
45	60	80	65	80	100	43	58	78	65	100	30	40	50	25	30	55	85	60	95	90	90	70	40	55	70	70	100	20	35	45	90	100	15	30	45	70	40
0	0	0	0	0	0	0	0	0	0	0	0	0	0	0	0	0	0	0	0	0	0	0	0	0	0	0	0	1	1	1	0	0	0	0	0	0	0
0	0	0	1	1	1	0	0	0	1	1	0	0	0	0	0	1	1	0	0	1	1	1	0	0	0	1	1	0	0	0	0	0	1	1	1	1	1
0	0	0	0	0	0	1	1	1	0	0	0	0	0	0	0	0	0	1	1	0	0	0	0	0	0	0	0	0	0	0	1	1	0	0	0	0	0
1	1	1	0	0	0	0	0	0	0	0	1	1	1	1	1	0	0	0	0	0	0	0	1	1	1	0	0	0	0	0	0	0	0	0	0	0	0
